North Cheyenne Canon Park:
  lat: 44.07468410
  lon: -91.67587140
