North Cheyenne Canon Park:
  latitude: 38.9133524
  longitude: -104.6937679
