North Cheyenne Canon Park:
  latitude: 38.9133524
  longitude: -104.6937679
ElevenMile Canyon:
  latitude: 38.9359636
  longitude: -105.4060657
